-4.1457 0.5663  -0.0015
-0.7033 -3.1110 0.0026 
2.0410  -5.4550 0.0049 
3.2536  -6.8436 0.0060 
3.5614  -7.2566 0.0062 
2.5742  -5.9481 0.0046 
0.9158  -2.2494 0.0009 
-0.8792 2.3800  -0.0034
-1.9161 5.6612  -0.0063
-1.4669 6.7822  -0.0069
-0.0260 5.9499  -0.0056
1.6376  3.8144  -0.0029
3.3183  0.6200  0.0005 
4.5444  -2.1590 0.0035 
4.7456  -3.9024 0.0052 
3.6645  -3.8294 0.0051 
1.2845  -1.7363 0.0031 
-1.8465 1.9306  -0.0006
-4.8834 5.6486  -0.0043
-7.3490 8.2212  -0.0068
-8.4171 8.7935  -0.0074
-6.5755 7.1038  -0.0056
-3.2120 2.4392  -0.0014
0.4107  -2.7705 0.0033 
3.1601  -7.2500 0.0075 
3.9257  -9.4187 0.0092 
2.9273  -8.8274 0.0076 
-0.0654 -6.2089 0.0039 
-2.7247 -1.9640 -0.0007
-4.5664 2.2089  -0.0047
-4.7713 5.8598  -0.0075
-4.4767 6.6953  -0.0079
-1.6563 5.2069  -0.0058
2.2109  0.9975  -0.0012
5.3864  -3.0684 0.0033 
6.0980  -5.7800 0.0060 
5.8233  -6.4236 0.0067 
3.0477  -5.5116 0.0053 
-0.3322 -2.4444 0.0020 
-3.2536 1.0557  -0.0015
-4.9519 3.6117  -0.0039
-4.9797 3.5548  -0.0038
-3.4160 0.5173  -0.0009
-1.4341 -3.5732 0.0031 
-0.1736 -6.4888 0.0060 
-0.2544 -7.9206 0.0071 
-1.3833 -7.5843 0.0062 
-3.3808 -3.9518 0.0024 
-5.6995 2.0230  -0.0035
-7.1472 7.1948  -0.0081
-7.1921 10.7009 -0.0108
-6.6382 12.3426 -0.0116
-4.6506 10.4184 -0.0089
-0.9394 5.0354  -0.0030
2.8550  -1.2331 0.0032 
4.9188  -6.0866 0.0074 
4.1484  -7.8026 0.0085 
1.9437  -6.5078 0.0065 
-0.4074 -3.4568 0.0030 
-2.1672 0.5689  -0.0009
-3.4813 5.1202  -0.0051
-3.7925 8.8569  -0.0082
-2.6708 10.2402 -0.0085
-0.1419 8.0906  -0.0054
2.4171  3.2818  -0.0000
4.9121  -2.7922 0.0061 
6.4016  -8.8002 0.0110 
6.3689  -13.4912 0.0139 
4.5831  -15.2330 0.0134 
1.4839  -12.9622 0.0091 
-2.1381 -7.7617 0.0023 
-4.5985 -1.5133 -0.0046
-6.2398 4.4447  -0.0107
-6.9540 9.4809  -0.0152
-4.5851 11.2731 -0.0155
-0.4725 9.0680  -0.0111
4.2338  4.7287  -0.0048
7.8362  -0.3144 0.0015 
8.8241  -5.4231 0.0071 
6.9078  -9.5766 0.0109 
1.8303  -9.3633 0.0092 
-3.3035 -6.0883 0.0050 
-7.0149 -1.1004 -0.0002
-8.4443 3.3570  -0.0046
-9.7776 6.2137  -0.0079
-8.2043 7.9236  -0.0088
-5.2740 7.4207  -0.0072
-1.6891 4.1200  -0.0030
1.6593  -0.2544 0.0020 
3.5973  -4.4618 0.0066 
4.2433  -6.9961 0.0093 
2.0420  -6.8094 0.0085 
-1.0977 -4.0751 0.0052 
-4.1613 -0.6731 0.0013 
-6.5899 3.3644  -0.0031
-8.1636 6.4086  -0.0065
-6.8091 7.5561  -0.0078
-4.4307 5.3935  -0.0062
-0.5421 1.5757  -0.0025
2.3394  -3.0564 0.0019 
3.8555  -6.4799 0.0052 
3.4394  -7.9785 0.0064 
1.3987  -6.9980 0.0049 
-0.8823 -4.0711 0.0019 
-3.2485 0.0051  -0.0021
-5.6577 3.6855  -0.0057
-5.8460 5.7746  -0.0070
-5.0854 5.6779  -0.0064
-2.2661 3.1318  -0.0033
0.4939  -0.5314 0.0007 
1.8324  -4.2424 0.0044 
2.1765  -6.9866 0.0068 
0.7156  -7.0499 0.0064 
-1.4368 -5.0667 0.0041 
-3.2916 -1.3960 0.0003 
-4.3607 3.7565  -0.0044
-3.9923 8.7977  -0.0083
-2.7020 11.5614 -0.0100
-0.3138 10.4411 -0.0081
2.6281  6.1764  -0.0033
5.3372  0.4633  0.0027 
6.9537  -5.4798 0.0083 
5.8739  -9.8604 0.0112 
3.4263  -10.4325 0.0102 
-0.0332 -7.2794 0.0058 
-3.3003 -2.0606 -0.0004
-5.0389 4.1931  -0.0065
-6.3068 8.5431  -0.0108
-6.6856 10.3322 -0.0125
-3.5467 10.2690 -0.0111
0.0658  7.3116  -0.0073
3.4700  2.1343  -0.0013
5.9058  -4.0801 0.0053 
6.1744  -8.9687 0.0104 
3.7947  -8.6907 0.0096 
-0.1263 -5.9547 0.0061 
-4.1420 -1.1954 0.0005 
-5.8374 4.3212  -0.0048
-7.3858 7.1459  -0.0079
-6.0586 6.8983  -0.0074
-3.1698 3.7070  -0.0039
0.2972  -1.2888 0.0013 
3.0542  -6.1722 0.0062 
3.8848  -9.9129 0.0093 
2.7581  -10.8394 0.0098 
0.8449  -8.8533 0.0075 
-1.3941 -4.1427 0.0027 
-3.4442 1.5354  -0.0028
-4.7547 5.8004  -0.0070
-4.7511 8.2826  -0.0090
-2.6442 7.6024  -0.0078
1.5821  3.7515  -0.0031
4.6157  -1.3976 0.0021 
5.7867  -5.7224 0.0060 
4.0156  -7.3810 0.0067 
1.0408  -6.2752 0.0047 
-1.3892 -3.0297 0.0011 
-3.3327 2.0562  -0.0039
-4.3479 6.9181  -0.0082
-4.5821 9.5885  -0.0101
-3.4560 9.7039  -0.0090
-0.7688 6.3737  -0.0042
3.3368  -0.6367 0.0040 
7.0597  -6.8520 0.0109 
8.4678  -9.1977 0.0130 
7.1540  -8.7537 0.0111 
3.8461  -6.8516 0.0069 
0.2308  -3.0069 0.0012 
-2.6769 0.9907  -0.0043
-3.2507 3.8857  -0.0076
-1.0174 3.3373  -0.0067
2.1797  -0.0063 -0.0032
6.6609  -3.9103 0.0015 
9.6991  -7.6331 0.0056 
11.1448 -8.3798 0.0071 
9.4714  -5.5628 0.0045 
6.1464  -1.4250 0.0005 
3.1766  2.8990  -0.0035
1.1199  6.6095  -0.0069
1.4507  8.0746  -0.0076
3.6303  6.0748  -0.0049
6.5460  1.8858  0.0000 
8.8184  -2.4982 0.0046 
8.3770  -5.5341 0.0070 
4.2424  -5.8695 0.0063 
-1.6056 -1.3253 0.0010 
-5.1380 4.2200  -0.0044
-6.3937 8.5461  -0.0079
-5.3344 10.6081 -0.0090
-2.4291 9.2038  -0.0067
1.4348  4.7673  -0.0016
4.8907  -2.5952 0.0051 
6.2788  -9.6120 0.0107 
4.4138  -14.5789 0.0139 
4.9052  -14.4475 0.0147 
4.3286  -10.9945 0.0127 
3.7056  -4.3691 0.0080 
4.4154  5.0596  0.0015 
4.8660  13.6767 -0.0049
7.0036  20.6710 -0.0092
15.0004 24.6202 -0.0093
24.9795 22.6783 -0.0035
35.1205 17.1475 0.0054 
42.7417 10.8709 0.0143 
0.0000  0.0000  0.0000 
# New slice
-1.4677 0.0632  -0.0008
-1.0270 0.0804  -0.0007
-0.6776 -0.0262 -0.0004
-0.2765 -0.2324 -0.0001
-0.1074 -0.5727 0.0003 
0.1547  -0.7513 0.0005 
0.3361  -0.6617 0.0006 
0.3906  -0.3887 0.0004 
0.3320  -0.0175 0.0002 
0.1590  0.3496  -0.0001
0.0790  0.6831  -0.0003
-0.0084 0.9926  -0.0005
-0.2553 1.0974  -0.0006
-0.4053 1.0145  -0.0005
-0.6476 0.8040  -0.0004
-0.6259 0.7254  -0.0003
-0.6705 0.4432  -0.0000
-0.7558 0.2305  0.0001 
-0.9000 0.0617  0.0002 
-0.9650 0.1157  0.0001 
-0.4225 0.6121  -0.0002
-0.5092 0.7464  -0.0003
-1.1408 0.4096  -0.0002
-1.0214 0.4383  -0.0003
-0.9589 0.2951  -0.0001
0.2415  0.6751  -0.0002
-0.1899 0.3136  -0.0001
-0.0883 0.0267  0.0001 
0.0191  -0.1667 0.0003 
0.1549  -0.3527 0.0004 
-0.9132 -1.2812 0.0007 
-1.0525 -1.6672 0.0009 
-1.0311 -1.8715 0.0010 
-1.0315 -1.9867 0.0011 
-1.1524 -2.0163 0.0011 
-1.2701 -1.5988 0.0006 
-1.0059 -1.6455 0.0006 
-1.3719 -1.3027 0.0003 
-1.6248 -0.8999 -0.0000
-1.5551 -0.4181 -0.0003
-1.4631 -0.0210 -0.0005
-1.3981 0.2098  -0.0006
-1.3964 0.3192  -0.0005
-1.3504 0.1710  -0.0003
-1.3811 -0.0494 0.0000 
-1.4988 -0.2247 0.0002 
-1.7377 -0.1741 0.0002 
-1.9231 -0.0941 0.0001 
-2.0883 0.0294  -0.0001
-1.8945 0.3963  -0.0004
-1.7466 0.6533  -0.0006
-1.7043 1.1680  -0.0009
-1.4636 1.6974  -0.0013
-1.2491 2.0324  -0.0014
-0.9450 2.2582  -0.0015
-1.1844 1.9985  -0.0011
-1.1982 1.2265  -0.0005
-0.8150 0.5495  0.0001 
-0.4766 -0.2187 0.0007 
-0.1997 -0.9115 0.0012 
0.2440  -1.4232 0.0015 
0.3943  -1.7254 0.0015 
0.1926  -1.7759 0.0012 
0.0467  -1.4051 0.0005 
-0.0694 -0.8304 -0.0002
-0.0705 -0.2354 -0.0008
0.0254  0.0651  -0.0010
0.4234  0.0790  -0.0009
0.8933  0.0372  -0.0007
1.0532  -0.4431 -0.0003
1.0990  -1.0475 0.0003 
0.9251  -1.5121 0.0007 
-0.1555 -2.1223 0.0009 
0.5664  -1.7287 0.0007 
0.0697  -1.5756 0.0004 
-0.4833 -1.1691 -0.0003
-0.9205 -0.6219 -0.0009
-1.1636 -0.0533 -0.0015
-0.8064 0.6656  -0.0019
-2.2843 0.2760  -0.0022
-1.9494 0.3432  -0.0018
-1.8025 0.2055  -0.0013
-1.5569 0.0876  -0.0008
-2.0719 -0.2741 -0.0002
-1.0640 0.0160  0.0003 
-0.9420 0.0810  0.0006 
-1.3775 0.2497  0.0004 
-1.7374 0.3429  0.0002 
-2.0028 0.4472  -0.0000
-2.3475 0.3794  -0.0002
-2.3596 0.2969  -0.0002
-2.0549 0.0897  -0.0001
-1.7919 -0.0758 0.0000 
-1.5334 -0.1965 0.0001 
-1.2796 -0.2549 0.0002 
-0.7298 -0.0724 0.0002 
-2.4064 -0.7562 0.0002 
-2.1035 -0.4493 0.0000 
-1.9088 -0.3638 0.0000 
-1.8903 -0.3004 -0.0001
-1.9141 -0.3874 -0.0001
-2.5586 -0.8410 -0.0003
-2.5816 -0.8952 -0.0003
-2.5492 -0.9286 -0.0004
-2.3126 -0.8198 -0.0004
-1.3200 -0.4046 -0.0005
-0.9584 -0.0529 -0.0007
-0.1218 0.8440  -0.0011
-0.0191 1.0580  -0.0012
0.2736  1.3573  -0.0011
0.6606  1.5021  -0.0009
0.4476  0.9343  -0.0002
0.8959  1.0003  0.0001 
1.1695  0.9865  0.0002 
1.3038  1.0217  0.0003 
0.2563  0.4776  0.0002 
-1.1407 -0.2814 0.0000 
-1.4028 -0.2793 -0.0001
-1.3404 0.2673  -0.0007
-1.2916 0.6686  -0.0011
-0.9814 0.8998  -0.0012
-1.2459 0.8870  -0.0013
-1.7758 0.4252  -0.0014
-1.0947 0.5292  -0.0011
-0.7714 0.4541  -0.0008
-0.7259 0.2917  -0.0006
-0.8837 0.0617  -0.0004
-0.0731 0.5568  -0.0002
0.7636  0.7167  -0.0000
0.1210  0.4481  0.0000 
-0.0558 0.4416  -0.0000
-0.4150 0.2960  -0.0001
0.1251  0.6871  -0.0003
-1.1613 -0.4937 -0.0003
-1.6545 -0.9155 -0.0000
-1.6949 -1.0738 0.0002 
-1.6065 -1.2203 0.0004 
-1.6990 -1.2993 0.0002 
-0.4985 -0.4683 -0.0000
-0.2146 -0.2833 0.0000 
-0.1781 -0.3798 0.0002 
-0.2905 -0.5119 0.0003 
-0.6140 -0.7851 0.0005 
-0.7829 -0.8865 0.0006 
-1.1927 -0.9038 0.0003 
-1.3620 -0.8991 0.0002 
-1.4268 -0.8223 0.0001 
-1.5108 -0.7897 -0.0000
-1.4070 -0.7435 -0.0000
-0.7803 -0.6408 -0.0001
-0.0413 -0.4017 -0.0000
-0.1854 -0.4536 0.0000 
0.0033  -0.6106 0.0004 
0.0516  -0.5964 0.0004 
0.3674  -0.2788 0.0001 
0.7966  -0.0479 0.0002 
0.7986  -0.0334 0.0002 
1.0516  0.1260  0.0001 
0.8520  0.0316  -0.0001
1.0598  -0.1858 0.0001 
1.1042  -0.5490 0.0003 
1.1763  -0.9868 0.0004 
1.3250  -1.3801 0.0006 
1.6624  -1.5547 0.0008 
2.0420  -1.5625 0.0009 
2.4651  -1.2574 0.0007 
3.4449  -0.5028 0.0005 
3.8572  -0.1827 0.0004 
4.2327  -0.1259 0.0004 
3.8415  -0.4993 0.0003 
5.1542  -0.2562 0.0006 
6.1546  -0.3921 0.0008 
6.5448  -0.6178 0.0010 
6.6114  -0.6102 0.0011 
4.8905  -1.1934 0.0011 
2.1194  -1.5221 -0.0001
1.7442  -0.7683 -0.0007
1.6483  -0.0383 -0.0012
1.8596  0.4713  -0.0013
2.4497  0.6157  -0.0010
2.9365  0.5107  -0.0005
3.3883  0.1363  0.0002 
3.0234  -0.6218 0.0010 
1.9973  -1.0022 0.0009 
3.7870  0.2652  0.0009 
3.6655  0.1387  0.0014 
3.4496  0.3924  0.0014 
2.9702  0.7592  0.0013 
1.9886  0.9795  0.0011 
2.1658  1.4453  0.0011 
3.0189  2.1439  0.0012 
4.4091  2.8413  0.0016 
5.1537  3.0457  0.0020 
9.4748  5.1218  0.0026 
9.8692  5.6478  0.0024 
9.7519  5.6167  0.0022 
9.8067  5.3326  0.0023 
10.0664 5.0592  0.0025 
10.5749 5.0171  0.0026 
11.8153 5.4900  0.0022 
11.5439 4.6130  0.0026 
10.4266 3.8764  0.0025 
9.7477  4.4879  0.0018 
0.0000  0.0000  0.0000 
0.0000  0.0000  0.0000 
# New slice
-0.9422 -0.0381 -0.0004
-0.9727 -0.0679 -0.0003
-0.8432 -0.0208 -0.0003
-0.7569 0.0540  -0.0003
-0.4747 0.1574  -0.0003
-0.4513 0.2152  -0.0003
-0.3500 0.0842  -0.0001
-0.3597 0.1258  -0.0001
-0.3258 0.2866  -0.0002
-0.2897 0.3706  -0.0002
-0.2405 0.3818  -0.0002
-0.3457 0.2983  -0.0001
-0.4126 0.2948  -0.0001
-0.2906 0.2469  -0.0000
-0.0560 0.3060  0.0000 
-0.1203 0.2655  0.0001 
-0.1146 0.3259  0.0001 
-0.0387 0.3032  0.0001 
-0.0221 0.3374  0.0001 
-0.0039 0.4102  0.0000 
-0.1795 0.4428  -0.0000
-1.2319 0.0397  -0.0001
-0.5871 0.4135  -0.0003
-0.6259 0.2379  -0.0002
-0.5415 0.1135  -0.0001
-1.6657 -0.9288 0.0004 
-1.9255 -1.0010 0.0004 
-2.0138 -1.1494 0.0005 
-1.9030 -1.1365 0.0005 
-1.6745 -1.0484 0.0004 
-1.0141 -0.6078 0.0001 
0.0136  0.0463  -0.0002
-0.6175 -0.3189 -0.0001
-0.6727 -0.2903 -0.0001
-0.6904 -0.3032 -0.0001
-0.4790 -0.3066 0.0002 
-0.8763 -0.6426 0.0003 
-0.6567 -0.4837 0.0003 
-0.7607 -0.4326 0.0002 
-0.7978 -0.3068 0.0001 
-1.7010 -0.7446 0.0003 
-1.7381 -0.5115 0.0001 
-1.7892 -0.2026 -0.0002
-1.7565 0.0157  -0.0003
-1.7796 0.1319  -0.0003
-1.6353 0.2564  -0.0003
-1.5041 0.3481  -0.0004
-1.4350 0.3575  -0.0003
-1.3257 0.4740  -0.0003
-1.2065 0.4676  -0.0003
-1.1401 0.4559  -0.0003
-0.9368 0.3457  -0.0002
-1.0583 0.0790  -0.0001
-0.9896 0.0753  -0.0001
-1.0224 0.0462  -0.0001
-0.7410 0.1777  -0.0003
-0.4751 0.2831  -0.0002
-0.3546 0.2361  -0.0002
-0.1935 0.1734  -0.0001
-0.3612 0.0199  -0.0001
-0.2718 0.0087  -0.0001
-0.1801 -0.1152 -0.0001
-0.0651 -0.1753 -0.0001
-0.0200 -0.2709 -0.0001
-0.1033 -0.3667 -0.0001
-0.1743 -0.5769 -0.0001
-0.1841 -0.5818 -0.0002
-0.2146 -0.6594 -0.0002
-0.3764 -1.0382 -0.0000
-0.5130 -0.9494 -0.0003
-0.6133 -0.8120 -0.0005
-0.6870 -0.6794 -0.0007
0.3532  -0.1194 -0.0009
-0.2127 -0.4899 -0.0005
-0.4846 -0.5603 -0.0005
-0.5404 -0.4999 -0.0004
-0.5200 -0.3585 -0.0004
-0.5976 -0.2765 -0.0004
-0.8066 -0.1495 -0.0005
-0.7984 -0.2414 -0.0001
-0.0655 0.1194  0.0000 
-0.2446 0.1241  0.0000 
-0.5196 0.1223  -0.0000
-0.0680 0.3654  -0.0001
-1.6465 0.0344  -0.0004
-2.2926 -0.1866 -0.0005
-2.4840 -0.3834 -0.0003
-2.5513 -0.3379 -0.0003
-2.5866 -0.3769 -0.0002
-1.9411 -0.1036 -0.0001
-2.2701 -0.2580 -0.0001
-2.2274 -0.2156 -0.0001
-2.2549 -0.3197 -0.0000
-2.2724 -0.4079 0.0000 
-2.7100 -0.5391 -0.0000
-2.6866 -0.3546 -0.0003
-1.9306 -0.2251 -0.0003
-1.0428 0.1562  -0.0003
-1.1315 0.1317  -0.0004
-0.9144 0.1132  -0.0004
-1.3515 -0.2910 -0.0003
-0.5053 0.1790  -0.0001
-0.3602 0.2214  -0.0001
-0.2354 0.2611  -0.0001
-0.3565 0.2698  -0.0002
-0.3259 0.3684  -0.0002
-1.0055 -0.0684 -0.0002
-1.7021 -0.1835 -0.0002
-1.5922 -0.1031 -0.0003
-1.5694 -0.1319 -0.0002
-1.5587 -0.1624 -0.0003
-1.2021 0.1980  -0.0007
-1.2132 0.2356  -0.0008
-1.2136 0.0881  -0.0007
-1.2426 0.0706  -0.0007
-0.7551 0.3108  -0.0007
-0.3176 0.6967  -0.0008
-0.8236 0.3441  -0.0006
-0.9811 0.1250  -0.0005
-1.2155 0.0546  -0.0005
-1.8179 -0.1902 -0.0005
-0.9609 0.3221  -0.0007
0.4300  0.7909  -0.0002
0.1548  0.6478  -0.0002
-0.2765 0.3777  -0.0002
-0.5695 0.1199  -0.0002
-0.9148 -0.0838 -0.0001
-1.9866 -0.7677 -0.0003
-1.1197 -0.1200 -0.0002
-0.8020 0.1883  -0.0005
-0.9772 0.1177  -0.0005
-0.9142 0.0188  -0.0005
-1.3781 -0.7212 0.0002 
1.2230  1.2256  -0.0004
0.4570  0.5023  -0.0003
0.2738  0.2771  -0.0002
0.2403  0.2332  -0.0002
-0.5392 -0.3720 0.0001 
-0.7911 -0.3475 0.0000 
-0.9487 -0.3140 -0.0001
-0.9290 -0.4344 0.0000 
-0.8027 -0.4185 0.0000 
-0.5647 -0.4171 0.0001 
-0.9250 -0.8410 0.0003 
-0.7008 -0.9851 0.0006 
-0.5053 -0.8588 0.0005 
-0.3023 -0.7790 0.0005 
-0.2164 -0.7810 0.0006 
-0.2580 -0.7096 0.0005 
-0.3014 -0.8079 0.0006 
0.1021  -0.0549 -0.0003
0.2460  0.0132  -0.0003
0.3190  0.0863  -0.0004
0.0288  -0.4608 -0.0001
0.4383  -0.6231 0.0003 
0.5118  -0.7938 0.0004 
0.7053  -0.8139 0.0004 
0.7470  -0.9404 0.0005 
1.0166  -1.0781 0.0007 
1.2481  -1.0573 0.0006 
1.5614  -0.9126 0.0005 
1.8769  -0.8874 0.0006 
2.2060  -0.9243 0.0007 
2.5130  -0.9083 0.0007 
2.4139  -0.8053 0.0004 
3.1873  -0.2981 0.0002 
3.0345  -0.5038 0.0001 
2.9812  -0.5865 0.0001 
2.9330  -0.5955 0.0001 
3.6428  -0.3287 0.0002 
3.5320  -0.4190 0.0001 
3.6973  -0.3617 0.0002 
3.6722  -0.4047 0.0002 
4.0175  -0.1027 0.0001 
3.1176  -0.3082 -0.0003
4.1423  0.0050  0.0003 
4.1958  -0.0038 0.0004 
4.1201  0.0512  0.0005 
3.9724  0.1581  0.0004 
3.6360  0.0513  0.0007 
3.4526  0.1916  0.0006 
3.3317  0.3475  0.0006 
3.4357  0.6326  0.0006 
3.5875  0.8617  0.0008 
2.4431  0.2703  0.0011 
2.9706  0.9138  0.0011 
3.3902  1.2011  0.0012 
4.1219  1.3793  0.0015 
5.5340  1.9470  0.0017 
6.5589  2.7199  0.0015 
6.9901  3.1199  0.0015 
7.1120  3.1838  0.0016 
8.9131  3.9409  0.0021 
8.9770  4.1273  0.0021 
8.5415  3.9813  0.0022 
8.4840  4.1110  0.0021 
8.3320  4.0945  0.0020 
8.9151  4.4354  0.0020 
7.9407  4.0344  0.0020 
7.9536  3.7262  0.0024 
8.1279  3.8957  0.0023 
8.9464  4.8762  0.0021 
0.0000  0.0000  0.0000 
0.0000  0.0000  0.0000 
0.0000  0.0000  0.0000 
# New slice
-0.5455 0.1268  -0.0003
-0.8118 0.0679  -0.0003
-0.6991 0.0929  -0.0003
-0.8089 0.0326  -0.0002
-0.7860 0.0881  -0.0002
-0.5856 0.0386  -0.0001
-0.5326 0.0988  -0.0001
-0.4591 0.1001  -0.0001
-0.3840 0.1853  -0.0001
-0.3081 0.2787  -0.0001
-0.3459 0.2830  -0.0002
-0.4187 0.2899  -0.0002
-0.4198 0.3254  -0.0002
-0.4674 0.2884  -0.0001
-0.5527 0.2899  -0.0001
-0.8251 0.0782  0.0000 
-0.9524 0.1095  -0.0000
-1.0261 0.0270  0.0000 
-1.0274 -0.0033 0.0000 
-1.1369 -0.1032 0.0001 
-1.1496 -0.3844 0.0003 
-0.4317 -0.1840 0.0002 
-0.4378 -0.2142 0.0002 
-0.5038 -0.2341 0.0002 
-0.3733 -0.3059 0.0003 
-0.2129 0.2009  -0.0002
-0.0883 0.1720  -0.0002
-0.0737 0.1493  -0.0002
-0.0515 0.1265  -0.0002
-0.2556 0.0245  -0.0001
-0.4289 -0.1526 0.0000 
-1.7637 -0.9116 0.0003 
-1.1664 -0.4912 0.0001 
-1.2038 -0.4625 0.0000 
-1.1972 -0.5817 0.0002 
-1.1480 -0.5124 0.0002 
-1.6343 -0.5142 0.0002 
-1.7425 -0.5863 0.0001 
-1.6280 -0.4985 0.0001 
-1.4929 -0.3744 0.0000 
-0.6329 0.1963  -0.0001
-1.6279 -0.0120 -0.0002
-1.4439 -0.0292 -0.0002
-1.4468 0.0014  -0.0002
-1.3893 0.0112  -0.0002
-1.4664 -0.0309 -0.0002
-1.5056 -0.0685 -0.0001
-1.3980 -0.1405 0.0000 
-1.2247 -0.0287 -0.0000
-1.3661 -0.1671 0.0000 
-1.3800 -0.1382 -0.0000
-1.6833 -0.2864 -0.0000
-1.6695 -0.0914 -0.0002
-1.8160 0.0214  -0.0004
-1.8976 -0.1654 -0.0002
-1.5501 -0.2891 -0.0001
-0.1567 0.1646  -0.0002
-0.0998 -0.0565 0.0000 
-0.0819 -0.1198 -0.0000
0.3277  -0.0721 -0.0000
0.6473  0.0958  -0.0001
0.3357  -0.0556 -0.0002
0.2106  0.0715  -0.0004
0.2590  0.1098  -0.0005
0.4076  0.0678  -0.0005
0.5045  0.1192  -0.0005
0.5689  0.1534  -0.0006
0.5335  0.0690  -0.0005
0.3716  -0.1279 -0.0003
0.2046  -0.3181 -0.0001
0.1042  -0.3953 -0.0000
-0.3863 -0.4188 -0.0002
-2.2419 -1.0216 -0.0002
-3.3191 -1.3704 -0.0003
-4.1299 -2.2026 0.0002 
-4.5848 -2.3541 0.0002 
-4.9715 -2.5832 0.0003 
-5.1616 -2.5751 0.0003 
-3.7524 -2.0909 0.0003 
1.1258  0.4979  -0.0005
0.6629  0.6050  -0.0006
0.3098  0.6500  -0.0006
-0.1659 0.4474  -0.0005
-0.8816 0.4584  -0.0007
-0.0643 0.4630  -0.0004
-0.5247 0.3336  -0.0004
-0.9060 0.2399  -0.0003
-1.3883 -0.0313 -0.0002
-1.6518 -0.1675 -0.0002
-1.7858 -0.3137 -0.0002
-1.6821 -0.2042 -0.0002
-1.6232 -0.0544 -0.0002
-1.6655 -0.1217 -0.0002
-1.8673 -0.2410 -0.0002
-1.5608 -0.1721 -0.0002
-1.5486 -0.1968 -0.0002
-1.8364 -0.3162 -0.0002
-1.4425 -0.0435 -0.0001
-1.4699 0.0253  -0.0002
-1.2617 0.0571  -0.0002
-1.0541 0.4866  -0.0005
-0.8886 0.4845  -0.0004
-0.7986 0.5008  -0.0005
-0.8895 0.4429  -0.0006
-0.8609 0.4341  -0.0006
-1.3880 0.1354  -0.0005
-2.0049 -0.0967 -0.0005
-1.9679 -0.4809 -0.0003
-2.0771 -0.3836 -0.0005
-2.1587 -0.5048 -0.0004
-2.2625 -0.3678 -0.0006
-0.7452 0.0504  -0.0004
-0.9712 -0.3189 -0.0001
-0.9552 -0.3198 -0.0001
-1.0706 -0.4128 0.0000 
-1.0127 -0.2625 -0.0001
-0.2752 0.2877  -0.0001
0.3995  0.8145  -0.0003
0.4173  0.8779  -0.0003
0.5811  0.9486  -0.0003
0.9755  1.1866  -0.0004
0.6918  1.0013  -0.0003
-0.5470 0.3956  -0.0006
-0.1728 0.4686  -0.0005
-0.0204 0.5911  -0.0006
0.0460  0.5556  -0.0005
1.0011  1.0521  -0.0003
0.4321  0.8997  -0.0004
-0.8939 0.3462  -0.0008
-1.5399 -0.0157 -0.0007
-1.2925 0.0167  -0.0007
-0.9082 0.1665  -0.0007
-1.1833 0.1312  -0.0009
-2.2364 -0.8176 -0.0005
-1.3798 -0.6909 0.0000 
-1.0501 -0.7028 0.0001 
-0.9550 -0.6079 0.0001 
0.4559  0.2214  0.0002 
-0.8380 -0.9679 0.0008 
-0.7354 -0.7536 0.0005 
-0.6244 -0.6115 0.0004 
-0.3395 -0.5573 0.0003 
-0.2889 -0.5707 0.0003 
0.0816  -0.2198 0.0000 
0.1708  -0.2693 0.0000 
0.1866  -0.3992 0.0001 
0.2237  -0.4474 0.0001 
0.3909  -0.3432 0.0000 
0.6129  -0.2627 0.0000 
0.5860  -0.1778 -0.0003
-1.1450 -1.2654 0.0002 
-0.8169 -1.1005 0.0002 
-0.6038 -1.2335 0.0004 
0.6275  -0.7137 0.0006 
0.7749  -0.7616 0.0006 
1.1595  -0.7694 0.0006 
1.3351  -0.7546 0.0006 
1.7094  -0.6240 0.0006 
1.9932  -0.3354 0.0003 
2.2066  -0.1810 0.0001 
2.3419  -0.0966 -0.0000
2.4962  0.0733  -0.0002
2.6895  0.0952  -0.0003
2.8478  0.0795  -0.0003
3.1768  0.0515  -0.0001
2.7514  -0.4877 0.0002 
2.7791  -0.6329 0.0003 
3.0507  -0.4768 0.0002 
3.4140  -0.3229 0.0002 
3.3315  -0.3969 0.0002 
3.8950  -0.2456 0.0006 
3.2500  -0.4269 0.0005 
3.3386  -0.3028 0.0005 
3.0553  -0.4722 0.0006 
3.0487  -0.5239 0.0007 
3.1346  -0.1287 0.0004 
3.1985  -0.0943 0.0005 
3.2608  0.1512  0.0004 
3.3496  0.3021  0.0006 
3.6114  0.5498  0.0006 
3.7945  0.6935  0.0007 
4.0779  0.9651  0.0008 
4.4894  1.1915  0.0009 
6.3724  2.0329  0.0013 
5.7806  1.8075  0.0014 
5.6767  1.5794  0.0017 
5.7947  1.7541  0.0017 
5.8589  1.9812  0.0017 
6.1397  2.3296  0.0015 
6.0500  2.5177  0.0014 
5.7461  2.4672  0.0014 
7.2234  3.1010  0.0018 
7.2843  3.2129  0.0018 
6.5795  2.7996  0.0020 
7.4586  3.3384  0.0020 
7.5403  3.2399  0.0022 
7.5806  3.2372  0.0023 
7.0420  2.6893  0.0026 
8.9858  3.6419  0.0025 
10.0385 4.4210  0.0024 
8.0109  3.6328  0.0020 
0.0000  0.0000  0.0000 
0.0000  0.0000  0.0000 
0.0000  0.0000  0.0000 
0.0000  0.0000  0.0000 
# New slice
